1851
1983
1981
1750
1883
1842
1803
1771
1835
1735
1703
1746
1754
1718
1772
1926
1879
1934
1920
1936
1803
1837
1914
1712
1788
1728
1711
1853
1807
1871
1785
1980
1982
1807
1910
1971
1902
1818
1715
1839
1742
1882
1990
1801
1933
1947
1878
1816
1702
1965
1740
1799
1830
1791
1900
1939
1760
1717
1860
1731
1777
1755
1992
1995
1900
1939
1974
1896
1761
1882
1704
1932
1980
1949
1784
1828
1864
1712
1905
1890
1988
1865
1951
1922
1945
1733
1742
1797
1815
1983
1721
1871
1789
1827
1884
1912
1901
1923
1774
1791
1955
1716
1856
1888
1729
1799
1738
1884
1904
1715
1863
1763
1827
1906
1737
1714
1761
1917
1920
1752
1767
1712
1943
1831
1892
1848
1809
1934
2000
1900
1717
1937
1758
1963
1969
1809
1859
1875
1800
2000
1744
1793
1782
1959
1709
1784
1768
1705
1854
1938
1805
1742
1933
1907
1908
1839
1885
1899
1952
1933
1700
1895
1853
1756
1886
1812
1782
1963
1773
1775
1996
1752
1769
1910
1882
1769
1776
1773
1825
1786
1767
1968
1949
1849
1901
1763
1918
1857
1863
1866
1763
1742
1919
1984
1982
1893
1942
1808
1856
1727
1882
1824
1844
1988
1797
1787
1859
1972
1826
1995
1920
1732
1931
1941
1787
1821
1884
1926
1935
1771
1747
1975
1752
1856
1712
1924
1873
1934
1956
1744
1910
1894
1905
1945
1981
1721
1706
1963
1952
1962
1865
1929
1910
1916
1767
1859
1770
1896
1988
1903
1946
1896
1728
1956
1954
1948
1770
1951
1870
1900
1994
2000
1803
1782
1717
1892
1714
1807
1897
1842
1808
1922
1910
1929
1811
1991
1719
1965
1886
1897
1726
1983
1940
1874
1992
1744
1743
1961
1738
1806
1788
1931
1711
1724
1887
1759
1834
1869
1921
1987
-1
