639
505
1337
1145
1726
1500
1323
1043
2075
365
849
851
941
1445
1758
624
548
388
1075
680
1354
1435
990
1026
993
1145
805
1881
569
1089
1103
1036
991
1560
944
1017
1553
644
1821
957
1127
660
497
1649
1023
20
507
649
1831
958
811
576
1395
566
1417
1053
1032
1044
976
1496
846
959
1327
1426
1881
1067
1580
600
640
981
870
305
675
1511
319
989
892
663
1212
1015
557
742
643
834
246
1477
1589
963
1181
1261
1133
885
667
1077
667
1043
1072
1191
619
1137
1054
772
455
1595
1318
909
1185
771
1192
1558
996
1396
806
1039
1044
875
646
846
888
782
1141
1241
1162
1500
1285
966
687
590
866
859
444
492
1173
728
1690
1297
596
413
290
758
1103
1557
1575
1608
977
400
1197
1268
969
1356
690
1499
1092
1228
1999
813
1335
1427
775
1016
1201
557
480
444
744
1944
1107
1366
1801
750
854
777
1922
718
612
903
1134
724
1517
1215
1597
989
781
784
735
341
1810
1385
371
1563
677
850
1233
1360
795
1011
1154
936
573
562
1332
1692
1766
945
1414
1050
497
1033
1213
1102
997
277
1064
1181
942
1521
1754
1255
373
1141
774
916
909
809
1609
701
232
1195
611
1523
736
912
1087
1809
1870
1007
613
238
1010
776
1164
690
1447
553
1204
1419
675
1138
955
1190
1211
1132
907
933
763
205
1123
824
1894
1345
711
454
933
682
1849
658
368
1144
651
1537
454
1027
866
1460
1113
613
962
828
779
994
1268
1115
730
1285
1509
1493
120
477
897
1426
1545
772
690
604
1375
1093
843
1514
1079
1007
849
936
958
1311
583
684
1016
931
341
379
1003
1392
1054
1401
963
1257
1598
988
1853
850
424
1414
754
1269
1093
1079
1145
1098
1876
722
621
651
597
1539
771
483
902
1508
983
1037
854
1155
1216
986
1123
1540
944
688
350
1280
326
1044
511
394
462
831
643
1018
463
920
664
876
1924
1244
1366
840
829
1059
1131
1090
1778
1151
807
812
523
1377
59
697
1284
735
718
208
739
911
762
941
743
672
948
788
1477
1106
1438
108
662
-1
